Polygon;290.0;290.0;290.0;290.0;290.0;290.0;290.0;290.0;290.0;290.0;290.0;290.0;0xb34d1aff;
Polygon;693.3945080761097;151.21818370222695;727.6496295930502;174.84240543804793;703.1394995421357;197.28541608707772;0x999933ff;
Rectangle;269.0;111.0;135.0;112.0;0x994d66ff;
Circle;1302.7959183673468;245.34467120181404;203.15030628935799;0xffff99ff;
Circle;114.17215000000002;140.9487375;113.51813238742174;0xb34d1aff;
Circle;960.6698387598341;135.64899732838205;15.036171473711933;0x994d66ff;
Circle;566.9415093972876;337.7698682500827;337.283548335954;0xff9999ff;
Circle;598.691383803883;296.7405049721948;51.53901643103412;0x99cc99ff;
Polygon;362.67732417522586;66.01408355479418;579.9759396239045;191.72402637634318;427.3281519120227;374.9013716306007;716.4610204015861;268.9458483952948;574.5883706458392;522.1615903644155;418.3488702819132;493.4278891480617;312.3933470466065;418.001923455132;682.3397502071651;234.82457820087416;669.7687559250107;574.2414238190573;391.41102539158015;267.14999206927274;429.12400823804506;602.9751250354112;676.9521812291002;186.33645739827736;851.1502448532462;335.39253245811415;824.212399962914;466.49004425772944;337.535335610917;285.10855532949427;714.6651640755646;572.4455674930354;759.5615722261172;139.64419292170123;583.5676522759499;610.158550339501;305.20992174251813;247.39557248302927;854.7419575052911;261.7624230912067;799.0704113986036;502.40717077817226;711.0734514235209;586.8124181012121;646.4226236867233;159.3986125079447;502.7541176049523;655.0549584900531;687.7273191852332;101.93121007523683;240.55909400572153;360.53452102242375;852.9461011792697;252.78314146109543;822.4165436368927;504.20302710419446;407.5737323257799;173.76546311612188;750.5822905960057;563.4662858629252;669.7687559250107;62.42237090275006;635.6474857305908;599.3834123833681;860.1295264833569;462.89833160568537;323.16848500273954;400.04336019491086;890.6590840257346;310.2505438938043;0xffffffff;
Polygon;502.0;90.0;0xffffffff;
Polygon;513.0;92.0;0xffffffff;
